9278400   1670.01
9234100		1730.81
8789900		1682.86
8957200		1763.31
10000100	1847.63
10044200	1767.8 
10530300	1888.15
10239500	1817.27
9962500		1824.2 
9574200		1759.76
9649400		1858.86
9859500		1921.49
10105300	2002.11
9960500		1940.24
9902000		1901.51
10615600	2077.97
10793400	2027.39
10700000	2003.45
10828400	2033.58
10835900	1991.43
11678800	2108.76
11198400	1992.94
11280800	1973.72
10706400	1828.81
11247700	1837.36
12363100	1913.11
11709700	1730.91
10872700	1599.35
12248900	1769.12
12638100	1763.87
12488900	1731.53
12343600	1704.24
11792600	1591.18
9949600		1459.33
10952400	1524.96
11739300	1591.48
12471300	1618.98
12299800	1584.06
12356900	1600.02
13085500	1622.23
12896000	1538.65
12168500	1476.26
11280200	1375.87
10007000	1258.22
10272000	1304.85
9407900		1209.59
10080600	1287.13
10968000	1337.34
