1.478278120000000112e+06 1.465809999999999945e+03
1.429543640000000130e+06 1.444509999999999991e+03
1.476996419999999925e+06 1.459900000000000091e+03
1.491051969999999972e+06 1.451339999999999918e+03
1.467727640000000130e+06 1.449049999999999955e+03
1.421143850000000093e+06 1.448720000000000027e+03
1.386274790000000037e+06 1.439029999999999973e+03
1.341979729999999981e+06 1.427210000000000036e+03
1.354651790000000037e+06 1.426569999999999936e+03
1.402472250000000000e+06 1.458289999999999964e+03
1.339600469999999972e+06 1.436509999999999991e+03
1.338209030000000261e+06 1.436230000000000018e+03
1.335334169999999925e+06 1.426460000000000036e+03
1.377866439999999944e+06 1.434319999999999936e+03
1.359922919999999925e+06 1.436279999999999973e+03
1.331991169999999925e+06 1.408990000000000009e+03
1.308468629999999888e+06 1.402029999999999973e+03
1.275178500000000000e+06 1.387019999999999982e+03
1.260374989999999991e+06 1.364589999999999918e+03
1.242465020000000019e+06 1.329779999999999973e+03
1.338600340000000084e+06 1.374170000000000073e+03
1.307789129999999888e+06 1.374619999999999891e+03
1.312943489999999991e+06 1.349970000000000027e+03
1.293560580000000075e+06 1.342130000000000109e+03
1.385750589999999851e+06 1.388759999999999991e+03
1.377674640000000130e+06 1.396930000000000064e+03
1.368993320000000065e+06 1.395779999999999973e+03
1.333547709999999963e+06 1.398130000000000109e+03
1.273008850000000093e+06 1.364900000000000091e+03
1.331917080000000075e+06 1.364440000000000055e+03
1.307601959999999963e+06 1.379579999999999927e+03
1.273608660000000149e+06 1.398660000000000082e+03
1.349104949999999953e+06 1.429400000000000091e+03
1.319245050000000047e+06 1.421220000000000027e+03
1.375040169999999925e+06 1.428319999999999936e+03
1.378951600000000093e+06 1.426690000000000055e+03
1.366378020000000019e+06 1.432190000000000055e+03
1.380981530000000028e+06 1.431869999999999891e+03
1.304784899999999907e+06 1.409279999999999973e+03
1.316640189999999944e+06 1.400140000000000100e+03
1.248249699999999953e+06 1.365980000000000018e+03
1.248960799999999814e+06 1.351259999999999991e+03
1.303480429999999935e+06 1.382950000000000045e+03
1.308561889999999898e+06 1.389809999999999945e+03
1.257789280000000028e+06 1.372319999999999936e+03
1.283437320000000065e+06 1.367720000000000027e+03
1.258136750000000000e+06 1.342619999999999891e+03
1.302637270000000019e+06 1.347349999999999909e+03
1.238883790000000037e+06 1.322359999999999900e+03
1.296346159999999916e+06 1.341769999999999982e+03
1.280116669999999925e+06 1.348970000000000027e+03
1.262374719999999972e+06 1.336089999999999918e+03
1.267636800000000047e+06 1.341930000000000064e+03
1.188203699999999953e+06 1.314950000000000045e+03
1.183816899999999907e+06 1.315230000000000018e+03
1.143096709999999963e+06 1.324970000000000027e+03
1.237325709999999963e+06 1.376539999999999964e+03
1.207072910000000149e+06 1.351460000000000036e+03
1.193088699999999953e+06 1.343549999999999955e+03
1.255738929999999935e+06 1.369890000000000100e+03
1.292070380000000121e+06 1.380200000000000045e+03
1.289886469999999972e+06 1.371180000000000064e+03
1.251428070000000065e+06 1.359990000000000009e+03
1.239864550000000047e+06 1.340930000000000064e+03
1.183827820000000065e+06 1.312150000000000091e+03
1.133082090000000084e+06 1.322740000000000009e+03
1.104743520000000019e+06 1.305599999999999909e+03
1.030087369999999995e+06 1.264740000000000009e+03
1.071415360000000102e+06 1.274859999999999900e+03
1.121584959999999963e+06 1.305950000000000045e+03
1.117350109999999870e+06 1.315190000000000055e+03
1.123860189999999944e+06 1.328920000000000073e+03
1.105555560000000056e+06 1.334220000000000027e+03
1.083271669999999925e+06 1.320279999999999973e+03
1.007436909999999916e+06 1.283269999999999982e+03
1.120711089999999851e+06 1.347559999999999945e+03
1.121869189999999944e+06 1.333339999999999918e+03
1.031121239999999991e+06 1.298349999999999909e+03
1.038816399999999907e+06 1.295859999999999900e+03
1.053293020000000019e+06 1.300799999999999955e+03
1.044061639999999898e+06 1.313269999999999982e+03
1.068345030000000028e+06 1.326819999999999936e+03
1.051226409999999916e+06 1.318549999999999955e+03
1.062117929999999935e+06 1.326650000000000091e+03
1.062968879999999888e+06 1.329470000000000027e+03
1.108298399999999907e+06 1.347970000000000027e+03
1.095900459999999963e+06 1.342539999999999964e+03
1.106845010000000009e+06 1.342900000000000091e+03
1.138315019999999786e+06 1.360400000000000091e+03
1.135891359999999870e+06 1.364299999999999955e+03
1.086560750000000000e+06 1.357509999999999991e+03
1.076856670000000158e+06 1.354950000000000045e+03
1.069377200000000186e+06 1.364170000000000073e+03
1.086132520000000019e+06 1.373730000000000018e+03
1.095507959999999963e+06 1.366009999999999991e+03
1.103780770000000019e+06 1.373470000000000027e+03
1.063472029999999795e+06 1.349470000000000027e+03
1.048847879999999888e+06 1.354309999999999945e+03
1.069171619999999879e+06 1.352259999999999991e+03
1.017247229999999981e+06 1.340890000000000100e+03
1.000823700000000070e+06 1.332529999999999973e+03
9.721613599999999860e+05 1.314759999999999991e+03
1.002794439999999944e+06 1.330309999999999945e+03
9.838631300000000047e+05 1.318799999999999955e+03
1.003900370000000112e+06 1.315920000000000073e+03
1.024290969999999972e+06 1.326609999999999900e+03
9.837766500000000233e+05 1.301529999999999973e+03
9.397942299999999814e+05 1.278940000000000055e+03
9.213264799999999814e+05 1.255269999999999982e+03
9.497935699999999488e+05 1.252819999999999936e+03
9.529566900000000605e+05 1.245859999999999900e+03
9.428927099999999627e+05 1.267650000000000091e+03
9.077907900000000373e+05 1.257940000000000055e+03
8.949962500000000000e+05 1.239940000000000055e+03
9.127068499999999767e+05 1.241230000000000018e+03
8.799366099999999860e+05 1.234180000000000064e+03
8.928240200000000186e+05 1.241410000000000082e+03
9.149807500000000000e+05 1.253799999999999955e+03
9.339716199999999953e+05 1.261890000000000100e+03
9.188816199999999953e+05 1.264740000000000009e+03
8.664406400000000140e+05 1.233420000000000073e+03
8.281914399999999441e+05 1.180160000000000082e+03
8.730265800000000745e+05 1.197660000000000082e+03
8.524493699999999953e+05 1.166710000000000036e+03
8.502739199999999255e+05 1.173559999999999945e+03
8.251033299999999581e+05 1.150529999999999973e+03
8.451532700000000186e+05 1.170809999999999945e+03
8.008646099999999860e+05 1.142619999999999891e+03
8.139522399999999907e+05 1.122140000000000100e+03
8.327220000000000000e+05 1.117579999999999927e+03
8.306782600000000093e+05 1.139829999999999927e+03
8.186991299999998882e+05 1.152690000000000055e+03
8.396309200000000419e+05 1.182170000000000073e+03
7.995203800000001211e+05 1.153289999999999964e+03
7.919005899999998510e+05 1.147950000000000045e+03
7.977283800000001211e+05 1.160329999999999927e+03
7.822915500000000466e+05 1.145869999999999891e+03
7.521992800000000279e+05 1.106460000000000036e+03
7.311158000000000466e+05 1.103250000000000000e+03
7.694548199999999488e+05 1.151440000000000055e+03
7.416950099999998929e+05 1.128430000000000064e+03
7.532551600000000326e+05 1.137589999999999918e+03
7.901823099999999395e+05 1.168380000000000109e+03
8.182233100000000559e+05 1.165890000000000100e+03
8.360250300000000279e+05 1.183500000000000000e+03
8.178945200000000186e+05 1.179680000000000064e+03
8.081044899999999907e+05 1.191809999999999945e+03
8.626015400000000373e+05 1.238160000000000082e+03
8.858365000000000000e+05 1.253690000000000055e+03
8.709142800000000279e+05 1.242980000000000018e+03
8.409105300000000279e+05 1.224359999999999900e+03
8.252488699999999953e+05 1.209470000000000027e+03
8.276167299999999814e+05 1.228750000000000000e+03
8.205230799999999581e+05 1.234519999999999982e+03
8.354367099999999627e+05 1.253049999999999955e+03
8.543810700000000652e+05 1.249460000000000036e+03
8.901495200000000186e+05 1.266440000000000055e+03
9.057187800000000279e+05 1.267430000000000064e+03
8.690791900000000605e+05 1.248579999999999927e+03
9.000604000000000233e+05 1.266609999999999900e+03
8.918096500000000233e+05 1.263509999999999991e+03
8.969457899999999208e+05 1.261200000000000045e+03
8.795900700000000652e+05 1.255539999999999964e+03
8.719065500000000466e+05 1.255180000000000064e+03
8.630246000000000931e+05 1.245670000000000073e+03
8.612812900000000373e+05 1.248920000000000073e+03
8.630101599999999162e+05 1.249440000000000055e+03
9.042954700000000885e+05 1.284990000000000009e+03
9.011130500000000466e+05 1.288490000000000009e+03
9.079006999999999534e+05 1.291960000000000036e+03
9.568953400000000838e+05 1.312829999999999927e+03
9.604599500000000698e+05 1.309380000000000109e+03
9.379475900000000838e+05 1.289049999999999955e+03
9.580508599999999860e+05 1.293170000000000073e+03
9.407239299999999348e+05 1.277890000000000100e+03
9.066699199999999255e+05 1.267930000000000064e+03
8.814009100000001490e+05 1.248079999999999927e+03
8.863981199999999953e+05 1.255819999999999936e+03
8.931908499999999767e+05 1.260670000000000073e+03
9.023420100000000093e+05 1.267109999999999900e+03
9.421712800000000279e+05 1.283569999999999936e+03
9.233470599999999395e+05 1.270029999999999973e+03
9.409474299999999348e+05 1.276960000000000036e+03
9.114545100000000093e+05 1.264960000000000036e+03
9.017997599999998929e+05 1.254390000000000100e+03
9.078874099999999162e+05 1.255849999999999909e+03
8.823365099999998929e+05 1.241599999999999909e+03
8.509839599999999627e+05 1.219869999999999891e+03
8.417768899999998976e+05 1.214359999999999900e+03
8.390403000000000466e+05 1.208430000000000064e+03
8.442771800000000512e+05 1.212579999999999927e+03
8.580505499999999302e+05 1.223140000000000100e+03
8.684182199999999721e+05 1.237039999999999964e+03
8.566186800000000512e+05 1.225349999999999909e+03
8.643417600000000093e+05 1.218599999999999909e+03
8.599267199999999721e+05 1.216759999999999991e+03
8.644430600000000559e+05 1.211069999999999936e+03
8.834190999999999767e+05 1.226200000000000045e+03
8.781836099999999860e+05 1.224380000000000109e+03
8.869373299999999581e+05 1.236720000000000027e+03
8.877266899999999441e+05 1.234450000000000045e+03
8.612551499999999069e+05 1.219240000000000009e+03
8.447744100000000326e+05 1.190589999999999918e+03
8.501244299999999348e+05 1.198779999999999973e+03
8.272773800000001211e+05 1.181519999999999982e+03
8.422954200000000419e+05 1.180180000000000064e+03
8.864579199999999255e+05 1.208140000000000100e+03
9.023531600000000326e+05 1.215680000000000064e+03
8.824936800000000512e+05 1.202450000000000045e+03
8.874164199999999255e+05 1.214440000000000055e+03
8.757769999999998836e+05 1.207710000000000036e+03
8.862167299999999814e+05 1.215019999999999982e+03
8.823488800000000047e+05 1.210849999999999909e+03
8.719723499999999767e+05 1.191029999999999973e+03
8.680617999999999302e+05 1.171650000000000091e+03
8.897465300000000279e+05 1.190490000000000009e+03
9.116836700000000419e+05 1.202930000000000064e+03
9.147181300000000047e+05 1.205819999999999936e+03
9.091292200000000885e+05 1.204519999999999982e+03
9.079099300000000512e+05 1.211230000000000018e+03
9.243980500000000466e+05 1.215930000000000064e+03
9.313890100000001257e+05 1.220750000000000000e+03
9.235010000000000000e+05 1.214349999999999909e+03
9.079926400000000140e+05 1.200480000000000018e+03
9.077227199999999721e+05 1.204400000000000091e+03
8.779536899999999441e+05 1.183529999999999973e+03
8.900771600000000326e+05 1.183430000000000064e+03
8.924583500000000931e+05 1.190160000000000082e+03
8.948075699999999488e+05 1.191289999999999964e+03
8.897878200000000652e+05 1.186730000000000018e+03
8.766969499999999534e+05 1.178019999999999982e+03
8.791641200000001118e+05 1.181660000000000082e+03
8.563607200000000885e+05 1.161970000000000027e+03
8.698133799999998882e+05 1.171410000000000082e+03
8.488609299999999348e+05 1.157259999999999991e+03
8.654456400000000140e+05 1.165309999999999945e+03
8.713012600000000093e+05 1.162089999999999918e+03
8.977153599999999860e+05 1.184930000000000064e+03
8.925014899999999907e+05 1.179210000000000036e+03
8.731682900000000373e+05 1.161509999999999991e+03
8.714462500000000000e+05 1.148559999999999945e+03
8.508374199999999255e+05 1.129029999999999973e+03
8.618078000000000466e+05 1.133579999999999927e+03
8.495559699999999721e+05 1.132940000000000055e+03
8.370421699999999255e+05 1.131740000000000009e+03
8.187435000000000000e+05 1.106400000000000091e+03
8.176245400000000373e+05 1.085779999999999973e+03
8.091379599999999627e+05 1.092539999999999964e+03
7.673371999999999534e+05 1.038769999999999982e+03
7.624701999999999534e+05 1.032740000000000009e+03
7.449020900000000838e+05 1.016100000000000023e+03
7.253283200000000652e+05 9.845399999999999636e+02
7.125653000000000466e+05 9.657999999999999545e+02
7.303242399999999907e+05 1.003450000000000045e+03
7.239892700000000186e+05 1.012269999999999982e+03
7.198953500000000931e+05 1.007039999999999964e+03
7.105332600000000093e+05 1.018610000000000014e+03
7.258111300000000047e+05 1.040940000000000055e+03
7.103898399999999674e+05 1.038549999999999955e+03
7.071254400000000605e+05 1.051329999999999927e+03
7.586616499999999069e+05 1.072279999999999973e+03
7.700938299999999581e+05 1.069630000000000109e+03
7.720585099999998929e+05 1.071380000000000109e+03
7.733207000000000698e+05 1.062440000000000055e+03
7.749613300000000745e+05 1.056750000000000000e+03
7.999073599999998696e+05 1.080990000000000009e+03
8.351499000000000233e+05 1.097430000000000064e+03
8.359356300000000047e+05 1.091650000000000091e+03
8.214069200000000419e+05 1.089980000000000018e+03
8.358715799999999581e+05 1.097539999999999964e+03
8.094610000000000000e+05 1.077089999999999918e+03
8.214514199999999255e+05 1.068609999999999900e+03
8.195703699999999953e+05 1.073480000000000018e+03
8.354671100000001024e+05 1.089900000000000091e+03
8.291952299999999814e+05 1.084779999999999973e+03
8.411354400000000605e+05 1.085200000000000045e+03
8.629822700000000186e+05 1.100089999999999918e+03
8.479951399999998976e+05 1.104609999999999900e+03
8.186825799999999581e+05 1.078299999999999955e+03
8.114681699999999255e+05 1.059789999999999964e+03
8.211182500000001164e+05 1.059779999999999973e+03
8.430531600000000326e+05 1.084099999999999909e+03
8.492190000000000000e+05 1.087200000000000045e+03
8.621315899999999674e+05 1.102839999999999918e+03
8.769872700000000186e+05 1.118859999999999900e+03
8.789533800000000047e+05 1.115799999999999955e+03
8.742954799999999814e+05 1.118539999999999964e+03
8.768133499999999767e+05 1.120309999999999945e+03
8.814772199999999721e+05 1.118329999999999927e+03
9.038749899999999907e+05 1.139089999999999918e+03
9.208488799999998882e+05 1.141210000000000036e+03
9.186092199999999721e+05 1.142240000000000009e+03
9.097519599999999627e+05 1.138650000000000091e+03
9.315088599999999860e+05 1.151059999999999945e+03
9.094782700000000186e+05 1.142660000000000082e+03
8.975437299999999814e+05 1.137029999999999973e+03
9.063751400000000140e+05 1.150339999999999918e+03
9.154318000000000466e+05 1.157420000000000073e+03
9.116470500000000466e+05 1.149500000000000000e+03
8.924315000000000000e+05 1.128519999999999982e+03
9.250078399999999674e+05 1.140200000000000045e+03
9.410173800000000047e+05 1.139450000000000045e+03
9.290717000000000698e+05 1.129900000000000091e+03
9.578570899999999674e+05 1.144799999999999955e+03
9.895552100000001956e+05 1.170349999999999909e+03
9.796767399999999907e+05 1.167099999999999909e+03
9.674954300000000512e+05 1.158309999999999945e+03
9.533381199999999953e+05 1.139930000000000064e+03
9.571685100000000093e+05 1.136759999999999991e+03
9.574984000000000233e+05 1.137069999999999936e+03
9.269704600000000792e+05 1.119380000000000109e+03
9.362264000000000233e+05 1.123089999999999918e+03
9.451279300000000512e+05 1.134359999999999900e+03
9.506782899999999208e+05 1.142920000000000073e+03
9.494335000000000000e+05 1.149559999999999945e+03
9.254042500000000000e+05 1.139930000000000064e+03
9.231917800000000279e+05 1.144890000000000100e+03
9.219914000000001397e+05 1.144650000000000091e+03
9.259005500000000466e+05 1.149369999999999891e+03
9.308677800000000279e+05 1.157130000000000109e+03
9.378899099999999162e+05 1.161019999999999982e+03
9.203001400000000140e+05 1.148079999999999927e+03
9.405727200000000885e+05 1.154670000000000073e+03
9.711681900000000605e+05 1.165269999999999982e+03
9.806092700000000186e+05 1.172509999999999991e+03
9.619723899999998976e+05 1.164890000000000100e+03
9.626589300000001676e+05 1.160710000000000036e+03
9.564009200000001583e+05 1.155140000000000100e+03
9.553680600000000559e+05 1.156549999999999955e+03
9.325006000000000931e+05 1.145599999999999909e+03
9.168448499999999767e+05 1.138410000000000082e+03
9.262718099999999395e+05 1.146190000000000055e+03
9.076967500000000000e+05 1.127569999999999936e+03
9.251363400000000838e+05 1.138880000000000109e+03
9.106000399999999208e+05 1.127579999999999927e+03
8.989579099999999162e+05 1.119309999999999945e+03
9.143023999999999069e+05 1.128180000000000064e+03
9.320052099999999627e+05 1.132150000000000091e+03
9.276034999999998836e+05 1.133279999999999973e+03
9.408050599999999395e+05 1.133059999999999945e+03
9.171080100000000093e+05 1.100640000000000100e+03
9.321301100000001024e+05 1.113569999999999936e+03
9.391002099999999627e+05 1.130200000000000045e+03
9.285149000000000233e+05 1.122200000000000045e+03
9.059829899999999907e+05 1.094440000000000055e+03
9.148815200000000186e+05 1.090019999999999982e+03
9.079264900000001071e+05 1.083509999999999991e+03
8.824085100000000093e+05 1.080170000000000073e+03
8.864686499999999069e+05 1.096220000000000027e+03
9.037120299999999115e+05 1.111940000000000055e+03
8.949499699999999721e+05 1.107500000000000000e+03
9.066808100000000559e+05 1.118509999999999991e+03
9.115742399999999907e+05 1.116480000000000018e+03
8.956175799999999581e+05 1.104180000000000064e+03
8.751284499999999534e+05 1.083339999999999918e+03
8.885820400000000373e+05 1.097980000000000018e+03
8.525734500000000698e+05 1.080950000000000045e+03
8.560738900000000140e+05 1.089839999999999918e+03
8.736918000000000466e+05 1.109430000000000064e+03
8.638366099999999860e+05 1.109380000000000109e+03
8.513815600000000559e+05 1.109890000000000100e+03
8.499477500000000000e+05 1.106730000000000018e+03
8.822488000000000466e+05 1.131779999999999973e+03
9.151699400000000605e+05 1.153839999999999918e+03
9.155148500000000931e+05 1.146140000000000100e+03
9.230278999999999069e+05 1.162769999999999982e+03
9.203792999999999302e+05 1.157539999999999964e+03
9.404314199999998091e+05 1.164309999999999945e+03
9.404541000000000931e+05 1.168259999999999991e+03
9.269689400000000605e+05 1.165579999999999927e+03
9.141756399999998976e+05 1.154089999999999918e+03
9.164235000000000000e+05 1.153039999999999964e+03
9.235402900000000373e+05 1.166160000000000082e+03
9.278520900000000838e+05 1.165549999999999955e+03
9.344484199999999255e+05 1.170289999999999964e+03
9.086042299999999814e+05 1.151849999999999909e+03
9.231789799999998650e+05 1.153589999999999918e+03
9.193697499999998836e+05 1.148700000000000045e+03
9.077361899999999441e+05 1.131869999999999891e+03
9.227521399999998976e+05 1.138490000000000009e+03
9.143571499999999069e+05 1.144579999999999927e+03
9.300202099999999627e+05 1.147390000000000100e+03
9.410465100000000093e+05 1.146539999999999964e+03
9.097658900000001304e+05 1.136759999999999991e+03
9.036270999999998603e+05 1.125400000000000091e+03
9.109495200000000186e+05 1.126339999999999918e+03
9.014317900000000373e+05 1.122730000000000018e+03
9.106929799999999814e+05 1.125289999999999964e+03
8.859791100000001024e+05 1.117799999999999955e+03
9.073801400000001304e+05 1.130470000000000027e+03
8.861748000000000466e+05 1.103690000000000055e+03
8.972440200000000186e+05 1.111009999999999991e+03
8.885732299999999814e+05 1.102549999999999955e+03
9.107129600000000792e+05 1.128369999999999891e+03
9.172773200000000652e+05 1.126069999999999936e+03
9.159365100000000093e+05 1.124470000000000027e+03
9.168571199999999953e+05 1.125170000000000073e+03
9.027953899999998976e+05 1.107829999999999927e+03
8.854204200000000419e+05 1.100960000000000036e+03
8.913073800000001211e+05 1.093140000000000100e+03
8.929138899999998976e+05 1.091480000000000018e+03
8.740502999999999302e+05 1.076319999999999936e+03
8.738942299999999814e+05 1.065450000000000045e+03
8.865755599999999395e+05 1.076920000000000073e+03
8.800676199999998789e+05 1.086460000000000036e+03
8.759272499999998836e+05 1.084559999999999945e+03
8.583126099999998696e+05 1.073430000000000064e+03
8.435550300000000279e+05 1.052670000000000073e+03
8.397186300000000047e+05 1.049490000000000009e+03
9.134835300000000279e+05 1.088849999999999909e+03
9.006106500000000233e+05 1.073009999999999991e+03
8.901984200000000419e+05 1.054990000000000009e+03
9.091838200000000652e+05 1.074559999999999945e+03
9.267228400000000838e+05 1.097279999999999973e+03
9.320649399999999441e+05 1.091069999999999936e+03
9.465150000000000000e+05 1.098230000000000018e+03
9.500077099999999627e+05 1.106589999999999918e+03
9.337003200000000652e+05 1.091880000000000109e+03
9.116916400000001304e+05 1.079880000000000109e+03
9.268229799999999814e+05 1.086019999999999982e+03
9.379712199999999721e+05 1.097079999999999927e+03
9.220453699999999953e+05 1.083819999999999936e+03
9.162176099999999860e+05 1.074549999999999955e+03
9.012790600000000559e+05 1.067660000000000082e+03
9.116608700000001118e+05 1.064660000000000082e+03
9.137977099999998463e+05 1.067140000000000100e+03
8.941976299999998882e+05 1.040680000000000064e+03
9.113293099999999395e+05 1.040690000000000055e+03
9.134972799999999115e+05 1.049900000000000091e+03
8.922099100000000326e+05 1.029150000000000091e+03
8.816613599999999860e+05 1.027529999999999973e+03
8.778731700000000419e+05 1.030740000000000009e+03
8.626817900000000373e+05 1.013600000000000023e+03
8.758226800000000512e+05 1.020259999999999991e+03
8.615493000000000466e+05 1.009559999999999945e+03
8.549019899999999907e+05 1.007269999999999982e+03
8.866891999999999534e+05 1.036170000000000073e+03
8.790441400000001304e+05 1.037140000000000100e+03
8.671647500000000000e+05 1.019990000000000009e+03
8.502525300000000279e+05 1.006289999999999964e+03
8.368962800000000279e+05 9.891399999999999864e+02
8.404477900000000373e+05 9.927200000000000273e+02
8.198342900000000373e+05 9.761399999999999864e+02
8.257241500000000233e+05 9.735299999999999727e+02
8.411656499999999069e+05 9.906399999999999864e+02
8.393116500000000233e+05 9.898200000000000500e+02
8.191341400000000140e+05 9.686499999999999773e+02
8.039488600000001024e+05 9.480900000000000318e+02
8.071786599999999162e+05 9.539900000000000091e+02
8.420030599999999395e+05 9.890299999999999727e+02
8.275534899999999907e+05 9.769800000000000182e+02
7.948550300000000279e+05 9.528300000000000409e+02
7.872449200000000419e+05 9.204700000000000273e+02
7.998438199999999488e+05 9.273700000000000045e+02
8.000744899999998743e+05 9.213899999999999864e+02
8.038289399999999441e+05 9.179299999999999500e+02
7.904444399999999441e+05 9.009400000000000546e+02
8.049183000000001630e+05 9.060399999999999636e+02
7.815679100000001490e+05 8.815599999999999454e+02
7.330057299999999814e+05 8.477500000000000000e+02
7.061567000000000698e+05 8.198500000000000227e+02
6.972636300000000047e+05 7.977000000000000455e+02
7.389209100000001490e+05 8.434299999999999500e+02
7.134190199999999022e+05 8.386799999999999500e+02
7.281225499999999302e+05 8.528400000000000318e+02
7.781700999999999767e+05 8.989600000000000364e+02
7.749680099999998929e+05 9.027799999999999727e+02
7.727824400000000605e+05 9.116200000000000045e+02
7.443698300000000745e+05 8.846599999999999682e+02
7.288748000000000466e+05 8.642400000000000091e+02
7.003282299999999814e+05 8.346000000000000227e+02
7.295075399999999208e+05 8.595700000000000500e+02
7.535715400000000373e+05 8.767699999999999818e+02
7.661677199999999721e+05 9.054600000000000364e+02
7.708893299999999581e+05 9.086399999999999864e+02
7.772668000000000466e+05 9.037999999999999545e+02
7.610774099999999162e+05 8.842100000000000364e+02
7.891217699999999022e+05 9.196200000000000045e+02
7.984086700000000419e+05 9.302500000000000000e+02
8.016366200000001118e+05 9.287699999999999818e+02
8.205818299999998417e+05 9.507000000000000455e+02
8.118219799999999814e+05 9.374299999999999500e+02
8.234290399999999208e+05 9.493600000000000136e+02
8.313622499999998836e+05 9.627000000000000455e+02
8.107124799999999814e+05 9.408600000000000136e+02
8.081758300000000745e+05 9.479500000000000455e+02
7.876730900000000838e+05 9.348200000000000500e+02
7.674566699999999255e+05 9.178700000000000045e+02
7.758931999999999534e+05 9.177999999999999545e+02
7.712523100000000559e+05 9.160700000000000500e+02
7.421043200000000652e+05 8.780199999999999818e+02
7.421166700000000419e+05 8.933999999999999773e+02
7.266885799999999581e+05 8.791499999999999773e+02
7.503349000000000233e+05 8.939199999999999591e+02
7.554242500000000000e+05 9.029600000000000364e+02
7.715843599999999860e+05 9.095800000000000409e+02
7.668748500000000931e+05 9.094500000000000455e+02
7.497882900000000373e+05 8.869099999999999682e+02
7.563011400000000140e+05 8.898099999999999454e+02
7.589457199999999721e+05 8.911000000000000227e+02
7.441519299999999348e+05 8.735199999999999818e+02
7.335499899999999907e+05 8.694600000000000364e+02
7.209495500000000466e+05 8.433200000000000500e+02
